airplane
eye
fish
donut
flower
airplane
airplane
hand
flower
flower
hand
dumbbell
eye
flower
hand
hand
flower
hand
hand
eyeglasses
hand
cup
fish
eye
donut
dumbbell
dumbbell
hand
flower
hand
fish
dumbbell
dumbbell
fish
hand
fish
flower
donut
eyeglasses
hand
butterfly
dumbbell
flower
hand
butterfly
donut
fish
donut
eyeglasses
eye
dumbbell
airplane
flower
hand
eyeglasses
flower
donut
hand
eyeglasses
hand
fish
eyeglasses
airplane
hand
