airplane
flower
eye
eye
butterfly
flower
donut
hand
fish
eyeglasses
eyeglasses
eye
hand
donut
flower
butterfly
airplane
eyeglasses
flower
hand
airplane
cup
dumbbell
flower
eyeglasses
airplane
dumbbell
flower
fish
butterfly
cup
hand
cup
flower
eye
donut
hand
flower
flower
airplane
airplane
airplane
butterfly
eye
butterfly
cup
dumbbell
butterfly
eye
dumbbell
fish
butterfly
fish
hand
butterfly
eye
cup
flower
flower
flower
hand
dumbbell
flower
eyeglasses
