dumbbell
fish
cup
eyeglasses
flower
cup
eyeglasses
hand
hand
