butterfly
cup
butterfly
dumbbell
hand
donut
eyeglasses
hand
flower
flower
fish
airplane
donut
butterfly
flower
flower
eyeglasses
cup
hand
dumbbell
airplane
airplane
cup
dumbbell
dumbbell
hand
donut
flower
flower
hand
eye
fish
dumbbell
butterfly
airplane
dumbbell
dumbbell
airplane
cup
airplane
fish
cup
airplane
eye
airplane
eyeglasses
fish
eye
flower
eye
eye
fish
hand
hand
hand
eye
flower
butterfly
hand
hand
hand
fish
eyeglasses
dumbbell
