eyeglasses
donut
flower
hand
eyeglasses
hand
airplane
hand
dumbbell
airplane
hand
donut
eyeglasses
airplane
flower
flower
donut
dumbbell
donut
flower
dumbbell
cup
donut
flower
dumbbell
eyeglasses
flower
hand
fish
butterfly
cup
donut
fish
donut
dumbbell
eye
eyeglasses
eyeglasses
donut
eyeglasses
flower
dumbbell
dumbbell
hand
fish
flower
eye
fish
eyeglasses
eyeglasses
fish
donut
airplane
cup
hand
eyeglasses
cup
donut
eyeglasses
airplane
dumbbell
airplane
flower
hand
