cup
eye
eye
hand
eyeglasses
eye
dumbbell
eyeglasses
eyeglasses
