eyeglasses
donut
donut
eyeglasses
eye
flower
hand
hand
dumbbell
