cup
hand
flower
eye
butterfly
donut
dumbbell
eyeglasses
fish
cup
flower
butterfly
flower
flower
eyeglasses
eye
eye
airplane
eyeglasses
cup
butterfly
butterfly
fish
dumbbell
dumbbell
hand
eye
eye
flower
airplane
airplane
cup
hand
flower
eyeglasses
butterfly
hand
hand
flower
hand
donut
dumbbell
eyeglasses
eyeglasses
airplane
dumbbell
airplane
dumbbell
airplane
eyeglasses
hand
flower
donut
fish
butterfly
eye
cup
hand
cup
butterfly
butterfly
hand
hand
airplane
