cup
flower
hand
flower
fish
hand
flower
eyeglasses
fish
cup
eye
flower
hand
cup
dumbbell
donut
eyeglasses
hand
dumbbell
donut
eye
flower
airplane
hand
airplane
airplane
hand
eyeglasses
eye
dumbbell
airplane
eyeglasses
dumbbell
cup
donut
hand
eye
fish
cup
hand
hand
flower
eyeglasses
eyeglasses
airplane
dumbbell
eyeglasses
hand
eyeglasses
eye
hand
butterfly
flower
airplane
airplane
fish
donut
eyeglasses
dumbbell
flower
eyeglasses
flower
eye
eyeglasses
