hand
fish
eyeglasses
airplane
butterfly
eye
eyeglasses
flower
eye
fish
donut
eyeglasses
donut
hand
cup
dumbbell
eyeglasses
flower
donut
hand
hand
eyeglasses
eyeglasses
fish
eyeglasses
eye
hand
airplane
eyeglasses
cup
hand
eyeglasses
butterfly
eyeglasses
hand
hand
dumbbell
donut
dumbbell
eye
fish
fish
hand
hand
dumbbell
hand
hand
eye
flower
fish
donut
hand
fish
butterfly
dumbbell
cup
flower
flower
eyeglasses
eye
airplane
eye
dumbbell
butterfly
