flower
airplane
eyeglasses
hand
hand
butterfly
eyeglasses
dumbbell
cup
flower
eye
fish
flower
hand
butterfly
eyeglasses
fish
flower
dumbbell
butterfly
airplane
eyeglasses
butterfly
fish
fish
eyeglasses
eyeglasses
cup
eyeglasses
hand
dumbbell
hand
fish
butterfly
dumbbell
hand
cup
eye
eyeglasses
airplane
eyeglasses
donut
cup
eyeglasses
cup
hand
fish
airplane
hand
dumbbell
fish
eyeglasses
flower
flower
flower
airplane
eyeglasses
eyeglasses
airplane
eyeglasses
eye
airplane
eyeglasses
cup
