fish
butterfly
cup
cup
flower
fish
eyeglasses
airplane
donut
butterfly
airplane
fish
hand
fish
hand
airplane
butterfly
hand
donut
fish
donut
dumbbell
hand
butterfly
hand
eyeglasses
eye
fish
flower
hand
eyeglasses
airplane
eyeglasses
eye
flower
airplane
hand
hand
eyeglasses
eyeglasses
hand
eyeglasses
dumbbell
dumbbell
donut
hand
dumbbell
airplane
donut
dumbbell
eye
dumbbell
eyeglasses
airplane
airplane
flower
donut
dumbbell
fish
eye
airplane
flower
cup
donut
