fish
dumbbell
hand
eyeglasses
hand
dumbbell
cup
flower
dumbbell
butterfly
airplane
hand
cup
cup
flower
hand
fish
eyeglasses
airplane
fish
donut
hand
airplane
hand
airplane
donut
flower
airplane
donut
donut
donut
hand
donut
hand
eyeglasses
eyeglasses
airplane
cup
cup
butterfly
cup
hand
eye
butterfly
donut
dumbbell
butterfly
dumbbell
flower
hand
cup
fish
cup
cup
airplane
eyeglasses
butterfly
fish
donut
eye
hand
fish
hand
dumbbell
