dumbbell
airplane
flower
cup
donut
eye
donut
eyeglasses
donut
butterfly
eyeglasses
eye
dumbbell
hand
flower
eyeglasses
dumbbell
cup
fish
flower
donut
flower
butterfly
fish
butterfly
eye
butterfly
airplane
hand
hand
dumbbell
hand
airplane
hand
eyeglasses
hand
hand
eyeglasses
donut
hand
donut
dumbbell
hand
eye
donut
eyeglasses
eye
hand
butterfly
eyeglasses
eye
eye
airplane
butterfly
fish
airplane
eye
fish
airplane
fish
eyeglasses
hand
eyeglasses
dumbbell
