flower
hand
hand
eyeglasses
hand
eyeglasses
hand
cup
butterfly
eyeglasses
airplane
donut
eyeglasses
flower
butterfly
hand
flower
butterfly
hand
fish
airplane
hand
cup
fish
airplane
hand
butterfly
donut
hand
fish
cup
eyeglasses
flower
eye
hand
eyeglasses
fish
butterfly
butterfly
eyeglasses
eye
cup
airplane
dumbbell
airplane
flower
dumbbell
butterfly
eyeglasses
dumbbell
eyeglasses
hand
hand
flower
eyeglasses
dumbbell
butterfly
cup
hand
dumbbell
eyeglasses
donut
fish
donut
