donut
flower
flower
hand
airplane
butterfly
fish
hand
donut
butterfly
butterfly
cup
hand
eyeglasses
cup
cup
eyeglasses
flower
cup
eyeglasses
fish
flower
cup
fish
butterfly
butterfly
dumbbell
eyeglasses
eye
eyeglasses
donut
hand
eye
dumbbell
eye
eyeglasses
donut
flower
hand
flower
flower
hand
hand
eye
eye
eyeglasses
hand
flower
airplane
hand
airplane
hand
dumbbell
eyeglasses
donut
hand
hand
airplane
cup
hand
cup
cup
dumbbell
cup
