butterfly
donut
hand
cup
hand
eyeglasses
cup
hand
donut
hand
eyeglasses
eye
flower
airplane
hand
airplane
butterfly
flower
eye
airplane
eye
hand
flower
dumbbell
airplane
hand
fish
cup
butterfly
fish
flower
eye
butterfly
hand
dumbbell
airplane
fish
dumbbell
eyeglasses
hand
eye
dumbbell
flower
hand
donut
hand
eyeglasses
eyeglasses
eye
flower
fish
flower
flower
fish
donut
airplane
eyeglasses
hand
flower
donut
cup
hand
butterfly
donut
