donut
flower
fish
eye
cup
airplane
eyeglasses
flower
cup
donut
eyeglasses
donut
butterfly
cup
fish
fish
eyeglasses
cup
fish
fish
fish
eyeglasses
hand
hand
hand
fish
fish
eye
cup
airplane
fish
fish
hand
airplane
airplane
fish
dumbbell
butterfly
hand
hand
eyeglasses
eyeglasses
hand
butterfly
donut
hand
eye
eyeglasses
donut
butterfly
hand
hand
eyeglasses
fish
airplane
butterfly
fish
butterfly
eyeglasses
flower
eyeglasses
dumbbell
eyeglasses
hand
