dumbbell
hand
eyeglasses
hand
hand
airplane
donut
hand
eyeglasses
cup
fish
dumbbell
flower
hand
hand
hand
hand
flower
butterfly
fish
hand
cup
dumbbell
eyeglasses
dumbbell
flower
eye
butterfly
hand
butterfly
donut
eye
hand
eyeglasses
hand
cup
fish
donut
eyeglasses
flower
fish
eyeglasses
donut
donut
hand
cup
cup
flower
donut
butterfly
hand
butterfly
hand
airplane
donut
hand
dumbbell
fish
dumbbell
airplane
eye
eyeglasses
butterfly
flower
