dumbbell
airplane
fish
butterfly
donut
dumbbell
eyeglasses
eye
flower
eyeglasses
donut
dumbbell
fish
hand
hand
hand
donut
flower
dumbbell
flower
cup
airplane
airplane
hand
eyeglasses
flower
cup
cup
hand
airplane
flower
hand
hand
donut
fish
cup
flower
butterfly
donut
dumbbell
airplane
donut
airplane
eyeglasses
dumbbell
eyeglasses
cup
dumbbell
eye
donut
hand
hand
eye
eyeglasses
flower
eyeglasses
flower
fish
eyeglasses
hand
dumbbell
butterfly
hand
cup
