hand
eye
eye
eyeglasses
butterfly
cup
eye
cup
eyeglasses
eyeglasses
airplane
hand
hand
eye
cup
hand
dumbbell
eyeglasses
fish
butterfly
dumbbell
donut
eyeglasses
butterfly
donut
cup
dumbbell
hand
butterfly
donut
hand
flower
flower
donut
hand
eye
cup
dumbbell
flower
eyeglasses
flower
cup
donut
dumbbell
butterfly
donut
hand
airplane
butterfly
hand
eyeglasses
hand
eyeglasses
fish
donut
hand
eyeglasses
cup
eye
airplane
dumbbell
hand
flower
dumbbell
