hand
butterfly
fish
butterfly
hand
hand
donut
butterfly
fish
airplane
hand
donut
eye
eyeglasses
eye
dumbbell
eye
cup
eye
hand
eyeglasses
airplane
airplane
donut
donut
eye
butterfly
eyeglasses
hand
airplane
eyeglasses
fish
butterfly
cup
eyeglasses
dumbbell
eye
eye
hand
cup
dumbbell
hand
dumbbell
dumbbell
hand
dumbbell
airplane
eye
butterfly
butterfly
flower
flower
hand
flower
eyeglasses
cup
airplane
fish
hand
flower
donut
eyeglasses
dumbbell
fish
