fish
flower
hand
fish
fish
donut
dumbbell
fish
fish
butterfly
eyeglasses
hand
cup
airplane
dumbbell
hand
fish
hand
hand
flower
airplane
hand
donut
donut
cup
eye
hand
hand
fish
flower
eyeglasses
hand
hand
fish
flower
butterfly
eye
hand
butterfly
flower
dumbbell
flower
fish
fish
fish
hand
eyeglasses
airplane
fish
eyeglasses
cup
hand
airplane
hand
donut
flower
donut
hand
butterfly
fish
hand
donut
fish
eye
