dumbbell
eye
dumbbell
fish
dumbbell
hand
fish
donut
hand
hand
dumbbell
fish
donut
hand
butterfly
dumbbell
donut
dumbbell
eye
flower
eye
eye
airplane
cup
hand
hand
airplane
dumbbell
dumbbell
fish
flower
eyeglasses
hand
airplane
eye
hand
flower
airplane
airplane
flower
airplane
cup
airplane
eyeglasses
hand
donut
airplane
hand
hand
eye
fish
flower
airplane
airplane
donut
eye
butterfly
flower
hand
flower
fish
butterfly
dumbbell
dumbbell
