eyeglasses
donut
butterfly
hand
hand
hand
donut
cup
hand
hand
eye
airplane
donut
eyeglasses
flower
donut
hand
eyeglasses
cup
hand
airplane
dumbbell
donut
cup
hand
airplane
hand
eye
eyeglasses
hand
dumbbell
eye
hand
dumbbell
eyeglasses
dumbbell
butterfly
butterfly
eye
hand
fish
dumbbell
hand
cup
flower
fish
fish
airplane
cup
cup
airplane
eye
flower
hand
donut
eye
fish
hand
airplane
cup
donut
butterfly
butterfly
cup
