cup
eyeglasses
hand
flower
hand
hand
eyeglasses
eyeglasses
hand
eyeglasses
hand
fish
donut
airplane
eyeglasses
donut
hand
fish
flower
airplane
airplane
eyeglasses
eye
donut
airplane
dumbbell
dumbbell
hand
eye
donut
eyeglasses
butterfly
dumbbell
flower
hand
flower
flower
flower
hand
fish
hand
airplane
airplane
cup
dumbbell
eye
butterfly
eyeglasses
fish
fish
hand
hand
hand
eye
dumbbell
cup
hand
eye
flower
flower
hand
dumbbell
flower
hand
